
TASK NUMBER AND PRIORITIES
0	60
2	59
1	53
3	47
4	47
8	43
6	42
7	34
13	28
15	25
5	21
11	20
10	18
9	17
12	17
14	15
16	9

ELEMENTS OF FETC MATRIX

4.326912e+006, 3.490320e+006, 1.576405e+006
1.544566e+006, 4.917968e+005, 2.202696e+005
2.801543e+006, 2.223806e+006, 9.790386e+005
3.222325e+006, 1.850553e+006, 2.996797e+005
2.010998e+006, 5.867764e+005, 1.997861e+005
4.185130e+006, 1.244849e+006, 5.675496e+005
1.468170e+006, 1.063341e+006, 2.888804e+005
3.164994e+006, 2.109047e+005, 6.925527e+004
5.189104e+005, 4.418935e+005, 9.037315e+003
9.580708e+004, 6.751999e+004, 2.474636e+004
1.326266e+006, 3.499467e+005, 1.427332e+005
1.149818e+006, 1.745061e+005, 2.260524e+004
1.434485e+006, 2.010063e+005, 6.384993e+004
1.544503e+006, 9.232532e+005, 3.659278e+005
1.780056e+005, 1.404344e+005, 3.594778e+004
9.276845e+005, 3.713034e+004, 1.602412e+004
1.972815e+006, 1.343309e+005, 9.018499e+003
4.558417e+006, 3.822342e+005, 1.459566e+004
6.173781e+006, 6.687374e+004, 2.944421e+003
8.843961e+005, 4.966991e+004, 1.791984e+003
1.918102e+006, 1.414452e+005, 7.321563e+003
7.827078e+006, 5.849290e+005, 1.860708e+003
4.642554e+006, 6.434608e+005, 6.052826e+003
3.096007e+006, 7.679622e+005, 7.437864e+003
2.517915e+006, 2.880908e+005, 6.634114e+004
1.716385e+006, 1.137940e+005, 1.134367e+004
1.799875e+005, 2.415370e+004, 8.656160e+003
1.607174e+006, 2.607137e+005, 1.092522e+005
2.921818e+006, 3.113481e+005, 1.502601e+004
1.078376e+006, 1.776186e+005, 6.069885e+004
5.972653e+006, 9.186566e+004, 1.379361e+004
2.858291e+006, 1.696447e+005, 2.818145e+004
2.190630e+006, 1.449027e+006, 2.300218e+005
1.383054e+006, 4.420447e+004, 4.839266e+003
2.271282e+006, 3.515866e+005, 5.163097e+004
8.367431e+005, 4.372939e+005, 6.968006e+004
1.741130e+006, 4.897881e+005, 2.634803e+004
1.830666e+006, 1.448851e+006, 1.077567e+005
2.228193e+006, 3.799793e+005, 1.954030e+004
1.200834e+006, 7.613119e+005, 1.974321e+004
6.503191e+006, 1.495187e+006, 6.566928e+005
1.848925e+006, 8.355973e+005, 3.101684e+005
2.616437e+006, 9.309472e+005, 1.261797e+005
6.179490e+006, 3.066398e+006, 1.787151e+006
1.970099e+006, 5.820182e+005, 2.551092e+005
5.848122e+006, 1.973998e+006, 3.541312e+005
8.550348e+005, 3.990495e+005, 9.172802e+004
4.516689e+006, 1.677640e+006, 1.088290e+006
6.472088e+006, 8.457322e+005, 4.314699e+005
8.715260e+006, 3.274352e+006, 7.319454e+005
8.674541e+006, 2.458338e+006, 1.081608e+006
6.360250e+006, 1.515346e+006, 5.148079e+005
7.944945e+006, 8.317544e+005, 1.402542e+005
6.286900e+006, 1.082179e+006, 3.338600e+005
5.539455e+006, 2.391833e+006, 2.142474e+005
2.925907e+006, 4.419923e+005, 1.297201e+005
2.476972e+006, 7.391599e+004, 7.614215e+003
7.184263e+005, 3.236607e+005, 9.572662e+003
2.056078e+006, 1.231490e+006, 4.624683e+004
1.681464e+006, 8.559763e+005, 4.753744e+003
4.096210e+004, 3.321454e+004, 3.250371e+003
2.272154e+006, 2.578522e+005, 1.028778e+004
8.759489e+005, 3.947712e+005, 3.389479e+004
8.024644e+005, 4.420861e+004, 3.510414e+003
4.629250e+006, 1.774764e+006, 8.696728e+005
3.288783e+006, 7.225531e+005, 6.568899e+004
1.716389e+006, 8.146338e+005, 1.681002e+005
5.155175e+006, 2.032765e+006, 4.189715e+005
5.616341e+006, 2.572251e+006, 1.190570e+006
2.476480e+005, 5.384810e+004, 2.660325e+004
1.558115e+006, 1.850331e+005, 4.716432e+004
3.972982e+006, 1.159145e+006, 1.818952e+005
3.937591e+006, 1.918156e+005, 3.154109e+003
1.546551e+006, 5.647658e+004, 3.342152e+003
5.070317e+006, 3.515265e+004, 1.900974e+003
1.212463e+006, 3.722535e+004, 3.017483e+003
4.750374e+006, 8.287448e+004, 5.883680e+003
1.392675e+006, 4.760543e+004, 8.784867e+002
5.791165e+006, 8.136555e+004, 5.785251e+003
7.846167e+006, 1.132851e+005, 3.641847e+003
1.409206e+006, 8.709394e+005, 9.805974e+003
2.655246e+005, 2.384921e+005, 2.867458e+003
3.516081e+005, 2.082180e+005, 2.559168e+003
7.983200e+005, 5.879412e+004, 8.991411e+002
8.492528e+005, 6.120030e+005, 1.009810e+003
9.937501e+005, 5.504813e+005, 5.529429e+003
1.353764e+006, 9.292488e+005, 1.450345e+004
2.753850e+006, 1.120044e+006, 1.650537e+004
6.013096e+006, 1.696839e+006, 1.048803e+006
3.420531e+005, 4.891830e+004, 2.285887e+004
4.790942e+006, 1.610364e+006, 4.300521e+005
3.307907e+006, 7.056481e+005, 1.449330e+005
3.112101e+005, 9.783812e+004, 1.778408e+004
6.259411e+006, 5.656621e+005, 2.976421e+005
3.082154e+006, 4.003884e+005, 1.035898e+005
5.591146e+006, 2.249544e+005, 1.291965e+005
8.476904e+006, 2.293110e+006, 1.513327e+006
9.179861e+006, 7.889195e+006, 1.273408e+006
2.079284e+006, 8.679058e+005, 1.403089e+005
2.125772e+006, 2.000132e+006, 6.662842e+005
8.445066e+006, 1.693097e+006, 3.308325e+005
7.855652e+006, 6.512223e+006, 4.243079e+006
6.540741e+006, 1.974775e+006, 1.887318e+006
3.651712e+006, 8.122315e+005, 5.137568e+005
3.722748e+006, 9.446454e+005, 5.400502e+005
4.044874e+006, 6.917761e+005, 3.106987e+005
4.821248e+006, 9.254444e+005, 3.716632e+005
4.359023e+006, 1.012629e+006, 7.945378e+005
6.473154e+005, 2.063242e+005, 1.481893e+005
4.095801e+006, 1.688043e+005, 1.492523e+005
2.762506e+006, 8.024361e+005, 5.518679e+005
5.545878e+006, 1.132313e+006, 1.146745e+005
2.119725e+006, 5.398091e+005, 6.378989e+004
6.091909e+005, 2.069693e+005, 2.166061e+004
4.453165e+005, 1.416123e+005, 4.110933e+004
5.574998e+005, 3.107381e+005, 1.005905e+005
1.783229e+005, 5.396509e+004, 2.264170e+004
1.245312e+006, 3.846100e+005, 3.889706e+004
8.477446e+005, 5.052126e+004, 1.883275e+004
9.844270e+005, 2.355795e+005, 1.162688e+005
6.291979e+006, 3.413036e+006, 6.474439e+005
2.182539e+006, 5.266119e+005, 2.032193e+005
4.168540e+005, 1.793302e+005, 1.512969e+005
1.367608e+006, 3.848527e+005, 1.719542e+005
3.405953e+006, 1.823320e+006, 3.578697e+005
2.112724e+006, 2.924340e+005, 1.888894e+005
4.177218e+006, 2.980736e+006, 1.475038e+006
3.641546e+006, 2.311223e+006, 1.530310e+006
1.090800e+006, 3.828454e+005, 1.275028e+004
1.855640e+006, 6.427666e+005, 1.438049e+004
1.446333e+006, 3.267892e+005, 6.962081e+003
1.434524e+006, 2.079286e+005, 1.016252e+004
4.177957e+005, 1.245345e+005, 1.769407e+003
1.646985e+006, 4.429275e+005, 9.710514e+003
5.406659e+005, 9.451257e+004, 4.884155e+003
5.421298e+005, 1.244961e+005, 5.953109e+003

NORMALIZED Average Execution Times of Tasks
5.000000
2.000000
4.000000
2.000000
3.000000
6.000000
8.000000
2.000000
5.000000
3.000000
2.000000
4.000000
10.000000
4.000000
1.000000
5.000000
2.000000

ELEMENTS OF NFETC MATRIX

-2.379412e-001, 5.575823e-001, 3.810992e+000
1.147228e-001, 9.376620e-001, 5.995951e+000
3.206692e-002, 7.181201e-001, 5.008855e+000
1.060723e-001, 7.654320e-001, 4.678417e+000
1.169541e-001, 9.256228e-001, 5.629665e+000
7.689211e-002, 8.422083e-001, 3.922333e+000
1.072487e-001, 8.652156e-001, 6.055944e+000
1.311734e-001, 9.732666e-001, 4.723439e+000
1.377331e-001, 9.439875e-001, 6.801392e+000
1.360219e-001, 9.914415e-001, 7.133653e+000
1.231691e-001, 9.556423e-001, 6.167381e+000
1.362551e-001, 9.778804e-001, 6.305944e+000
1.317622e-001, 9.745213e-001, 6.082397e+000
9.885560e-002, 8.829725e-001, 5.996001e+000
1.348017e-001, 9.821991e-001, 7.069103e+000
1.369720e-001, 9.952935e-001, 6.480385e+000
1.377352e-001, 9.829728e-001, 5.659650e+000
1.371277e-001, 9.515497e-001, 3.629192e+000
1.383969e-001, 9.915234e-001, 2.360657e+000
1.385224e-001, 9.937041e-001, 6.514379e+000
1.379201e-001, 9.820710e-001, 5.702616e+000
1.385149e-001, 9.258570e-001, 1.062332e+000
1.380583e-001, 9.184377e-001, 3.563120e+000
1.379074e-001, 9.026565e-001, 4.777614e+000
1.314908e-001, 9.634829e-001, 5.231586e+000
1.374819e-001, 9.855760e-001, 5.861023e+000
1.377747e-001, 9.969384e-001, 7.067547e+000
1.268163e-001, 9.669531e-001, 5.946785e+000
1.370808e-001, 9.605349e-001, 4.914404e+000
1.321054e-001, 9.774858e-001, 6.362047e+000
1.372150e-001, 9.883555e-001, 2.518601e+000
1.356477e-001, 9.784966e-001, 4.964291e+000
1.136604e-001, 8.163276e-001, 5.488601e+000
1.381905e-001, 9.943968e-001, 6.122785e+000
1.330932e-001, 9.554344e-001, 5.425265e+000
1.311271e-001, 9.445705e-001, 6.551800e+000
1.358474e-001, 9.379166e-001, 5.841591e+000
1.269792e-001, 8.163500e-001, 5.771279e+000
1.365890e-001, 9.518355e-001, 5.459103e+000
1.365669e-001, 9.034994e-001, 6.265882e+000
6.718137e-002, 8.104767e-001, 2.101973e+000
1.049297e-001, 8.940833e-001, 5.756940e+000
1.249723e-001, 8.819972e-001, 5.154218e+000
-4.034387e-001, 6.113168e-001, 2.356173e+000
1.109275e-001, 9.262259e-001, 5.661782e+000
1.001406e-001, 7.497847e-001, 2.616394e+000
1.287253e-001, 9.494182e-001, 6.537436e+000
2.016577e-002, 7.873497e-001, 3.661961e+000
9.171583e-002, 8.927987e-001, 2.126398e+000
5.061093e-002, 5.849574e-001, 4.252077e-001
2.089360e-002, 6.883918e-001, 3.968250e-001
8.263748e-002, 8.079213e-001, 2.214224e+000
1.234392e-001, 8.945704e-001, 9.697721e-001
1.023489e-001, 8.628277e-001, 2.271825e+000
1.153788e-001, 6.968217e-001, 2.858789e+000
1.245867e-001, 9.439750e-001, 4.911192e+000
1.378882e-001, 9.906307e-001, 5.263738e+000
1.376748e-001, 9.589742e-001, 6.644714e+000
1.336798e-001, 8.439017e-001, 5.594264e+000
1.381998e-001, 8.915002e-001, 5.888446e+000
1.383635e-001, 9.957899e-001, 7.176722e+000
1.375969e-001, 9.673158e-001, 5.424581e+000
1.350253e-001, 9.499605e-001, 6.521012e+000
1.383352e-001, 9.943963e-001, 6.578719e+000
4.398059e-002, 7.750387e-001, 3.573568e+000
1.315618e-001, 9.084123e-001, 4.626228e+000
1.204058e-001, 8.967406e-001, 5.861020e+000
9.307733e-002, 7.423356e-001, 3.160562e+000
9.023935e-003, 6.739527e-001, 2.798411e+000
1.358196e-001, 9.931745e-001, 7.014413e+000
1.335798e-001, 9.765460e-001, 5.985311e+000
1.189030e-001, 8.530719e-001, 4.088931e+000
1.383740e-001, 9.756863e-001, 4.116723e+000
1.383535e-001, 9.928413e-001, 5.994393e+000
1.385105e-001, 9.955442e-001, 3.227200e+000
1.383889e-001, 9.952815e-001, 6.256749e+000
1.380767e-001, 9.894952e-001, 3.478450e+000
1.386219e-001, 9.939657e-001, 6.115230e+000
1.380874e-001, 9.896865e-001, 2.661123e+000
1.383209e-001, 9.856405e-001, 1.047342e+000
1.376494e-001, 8.896035e-001, 6.102249e+000
1.384053e-001, 9.697698e-001, 7.000375e+000
1.384388e-001, 9.736072e-001, 6.932774e+000
1.386197e-001, 9.925475e-001, 6.581974e+000
1.386076e-001, 9.224252e-001, 6.541977e+000
1.381153e-001, 9.302234e-001, 6.428504e+000
1.371377e-001, 8.822125e-001, 6.145787e+000
1.369196e-001, 8.580281e-001, 5.046307e+000
2.446717e-002, 7.849161e-001, 2.486842e+000
1.362275e-001, 9.937993e-001, 6.940277e+000
9.187028e-002, 7.958773e-001, 3.446592e+000
1.229295e-001, 9.105551e-001, 4.611210e+000
1.367803e-001, 9.875985e-001, 6.964498e+000
1.062942e-001, 9.282991e-001, 2.293412e+000
1.274332e-001, 9.492485e-001, 4.788493e+000
1.246437e-001, 9.714858e-001, 2.818196e+000
-1.884066e-001, 7.093353e-001, 5.520284e-001
0.000000e+000, 0.000000e+000, 0.000000e+000
1.234332e-001, 8.899881e-001, 5.576040e+000
6.613654e-002, 7.464720e-001, 5.539534e+000
8.004425e-002, 7.853904e-001, 7.401993e-001
-2.332065e+000, 1.745390e-001, 1.039893e+000
-4.820993e-001, 7.496861e-001, 2.072485e+000
8.275198e-002, 8.970451e-001, 4.341222e+000
7.988773e-002, 8.802609e-001, 4.285438e+000
1.048719e-001, 9.123135e-001, 4.032474e+000
9.823082e-002, 8.826947e-001, 3.422792e+000
5.216535e-002, 8.716436e-001, 3.785775e+000
1.225747e-001, 9.738472e-001, 6.700557e+000
1.224590e-001, 9.786031e-001, 3.992482e+000
7.860038e-002, 8.982867e-001, 5.039510e+000
1.262257e-001, 8.564730e-001, 2.853745e+000
1.317687e-001, 9.315761e-001, 5.544283e+000
1.363580e-001, 9.737655e-001, 6.730496e+000
1.342394e-001, 9.820498e-001, 6.859185e+000
1.277599e-001, 9.606122e-001, 6.771088e+000
1.362512e-001, 9.931596e-001, 7.068854e+000
1.344804e-001, 9.512485e-001, 6.230953e+000
1.366661e-001, 9.935961e-001, 6.543161e+000
1.260520e-001, 9.701390e-001, 6.435825e+000
6.818889e-002, 5.673785e-001, 2.267837e+000
1.165801e-001, 9.332490e-001, 5.494955e+000
1.222362e-001, 9.772689e-001, 6.881537e+000
1.199859e-001, 9.512178e-001, 6.134916e+000
9.973340e-002, 7.688839e-001, 4.534216e+000
1.181411e-001, 9.629323e-001, 5.549780e+000
-1.583385e-001, 6.221749e-001, 3.928545e+000
-2.017434e-001, 7.070395e-001, 4.349205e+000
1.373287e-001, 9.514722e-001, 6.352291e+000
1.371511e-001, 9.185257e-001, 5.751666e+000
1.379592e-001, 9.585776e-001, 6.073093e+000
1.376106e-001, 9.736439e-001, 6.082366e+000
1.385249e-001, 9.842146e-001, 6.880797e+000
1.376598e-001, 9.438564e-001, 5.915522e+000
1.381856e-001, 9.880200e-001, 6.784308e+000
1.380691e-001, 9.842194e-001, 6.783158e+000

ALLOCATIONS

dbarec=(-2.379412e-001,5.575823e-001,3.810992e+000)	
dbarcc=(0.000000e+000,0.000000e+000,0.000000e+000)	
dbrel=(9.730779e-001,9.679240e-001,9.677238e-001)	
dbarld=(0.000000e+000,0.000000e+000,0.000000e+000)	
mcap=(7.348857e-001,4.860988e-001,2.858669e-001)	
mjscore=(1.470022e+000,2.011605e+000,5.064583e+000)
Rank of Machine 0 for Task 0=2.639454e+000
dbarec=(1.147228e-001,9.376620e-001,5.995951e+000)	
dbarcc=(0.000000e+000,0.000000e+000,0.000000e+000)	
dbrel=(9.858298e-001,9.715227e-001,9.623623e-001)	
dbarld=(0.000000e+000,0.000000e+000,0.000000e+000)	
mcap=(7.609485e-001,1.084933e-001,5.960265e-002)	
mjscore=(1.861501e+000,2.017678e+000,7.017916e+000)
Rank of Machine 1 for Task 0=3.228693e+000
dbarec=(3.206692e-002,7.181201e-001,5.008855e+000)	
dbarcc=(0.000000e+000,0.000000e+000,0.000000e+000)	
dbrel=(9.622304e-001,9.561048e-001,9.550366e-001)	
dbarld=(0.000000e+000,0.000000e+000,0.000000e+000)	
mcap=(7.889035e-001,6.613056e-001,3.450117e-001)	
mjscore=(1.783201e+000,2.335530e+000,6.308903e+000)
Rank of Machine 2 for Task 0=3.190791e+000
dbarec=(1.060723e-001,7.654320e-001,4.678417e+000)	
dbarcc=(0.000000e+000,0.000000e+000,0.000000e+000)	
dbrel=(9.906383e-001,9.644107e-001,9.633645e-001)	
dbarld=(0.000000e+000,0.000000e+000,0.000000e+000)	
mcap=(9.988708e-002,5.475021e-002,3.729362e-002)	
mjscore=(1.196598e+000,1.784593e+000,5.679075e+000)
Rank of Machine 3 for Task 0=2.611215e+000
dbarec=(1.169541e-001,9.256228e-001,5.629665e+000)	
dbarcc=(0.000000e+000,0.000000e+000,0.000000e+000)	
dbrel=(9.655325e-001,9.550855e-001,9.550378e-001)	
dbarld=(0.000000e+000,0.000000e+000,0.000000e+000)	
mcap=(1.951353e-001,7.528916e-002,5.954161e-002)	
mjscore=(1.277622e+000,1.955997e+000,6.644244e+000)
Rank of Machine 4 for Task 0=2.958465e+000
dbarec=(7.689211e-002,8.422083e-001,3.922333e+000)	
dbarcc=(0.000000e+000,0.000000e+000,0.000000e+000)	
dbrel=(9.915038e-001,9.789924e-001,9.644436e-001)	
dbarld=(0.000000e+000,0.000000e+000,0.000000e+000)	
mcap=(8.239387e-001,5.067293e-001,2.585223e-001)	
mjscore=(1.892335e+000,2.327930e+000,5.145299e+000)
Rank of Machine 5 for Task 0=2.923373e+000
dbarec=(1.072487e-001,8.652156e-001,6.055944e+000)	
dbarcc=(0.000000e+000,0.000000e+000,0.000000e+000)	
dbrel=(9.886082e-001,9.617275e-001,9.566541e-001)	
dbarld=(0.000000e+000,0.000000e+000,0.000000e+000)	
mcap=(8.391369e-001,5.184484e-001,1.654408e-001)	
mjscore=(1.934994e+000,2.345392e+000,7.178039e+000)
Rank of Machine 6 for Task 0=3.450954e+000
dbarec=(1.311734e-001,9.732666e-001,4.723439e+000)	
dbarcc=(0.000000e+000,0.000000e+000,0.000000e+000)	
dbrel=(9.866587e-001,9.800410e-001,9.643301e-001)	
dbarld=(0.000000e+000,0.000000e+000,0.000000e+000)	
mcap=(8.720664e-001,5.431379e-001,3.990295e-001)	
mjscore=(1.989898e+000,2.496446e+000,6.086799e+000)
Rank of Machine 7 for Task 0=3.267397e+000
task 0 Assigned to=6
-------------------------------
dbarec=(1.377352e-001,9.829728e-001,5.659650e+000)	
dbarcc=(2.000000e-001,1.000000e+000,5.000000e+000)	
dbrel=(9.163340e-001,9.213841e-001,9.521805e-001)	
dbarld=(0.000000e+000,0.000000e+000,0.000000e+000)	
mcap=(9.989319e-001,8.717917e-001,2.095706e-001)	
mjscore=(2.253001e+000,3.776149e+000,1.182140e+001)
Rank of Machine 0 for Task 2=5.406675e+000
dbarec=(1.371277e-001,9.515497e-001,3.629192e+000)	
dbarcc=(6.666667e-002,3.333333e-001,1.666667e+000)	
dbrel=(9.112572e-001,9.248098e-001,9.646585e-001)	
dbarld=(0.000000e+000,0.000000e+000,0.000000e+000)	
mcap=(9.048128e-001,4.604633e-001,6.811731e-002)	
mjscore=(2.019864e+000,2.670156e+000,6.328634e+000)
Rank of Machine 1 for Task 2=3.422203e+000
dbarec=(1.383969e-001,9.915234e-001,2.360657e+000)	
dbarcc=(1.333333e-001,6.666667e-001,3.333333e+000)	
dbrel=(9.043206e-001,9.101332e-001,9.415660e-001)	
dbarld=(0.000000e+000,0.000000e+000,0.000000e+000)	
mcap=(3.248695e-001,1.040071e-001,1.657155e-002)	
mjscore=(1.500920e+000,2.672330e+000,6.652128e+000)
Rank of Machine 2 for Task 2=3.374427e+000
dbarec=(1.385224e-001,9.937041e-001,6.514379e+000)	
dbarcc=(1.333333e-001,6.666667e-001,3.333333e+000)	
dbrel=(9.122062e-001,9.180398e-001,9.693637e-001)	
dbarld=(0.000000e+000,0.000000e+000,0.000000e+000)	
mcap=(3.242592e-001,1.942503e-001,1.836909e-001)	
mjscore=(1.508321e+000,2.772661e+000,1.100077e+001)
Rank of Machine 3 for Task 2=4.513602e+000
dbarec=(1.379201e-001,9.820710e-001,5.702616e+000)	
dbarcc=(1.333333e-001,6.666667e-001,3.333333e+000)	
dbrel=(9.043217e-001,9.091629e-001,9.447972e-001)	
dbarld=(0.000000e+000,0.000000e+000,0.000000e+000)	
mcap=(9.651479e-001,4.396496e-001,3.246864e-001)	
mjscore=(2.140723e+000,2.997550e+000,1.030543e+001)
Rank of Machine 4 for Task 2=4.610314e+000
dbarec=(1.385149e-001,9.258570e-001,1.062332e+000)	
dbarcc=(0.000000e+000,0.000000e+000,0.000000e+000)	
dbrel=(9.132281e-001,9.319204e-001,9.702107e-001)	
dbarld=(0.000000e+000,0.000000e+000,0.000000e+000)	
mcap=(9.483627e-001,1.273843e-001,4.785302e-002)	
mjscore=(2.000106e+000,1.985162e+000,2.080396e+000)
Rank of Machine 5 for Task 2=2.012706e+000
dbarec=(1.380583e-001,9.184377e-001,3.563120e+000)	
dbarcc=(6.666667e-002,3.333333e-001,1.666667e+000)	
dbrel=(9.058522e-001,9.154856e-001,9.673772e-001)	
dbarld=(0.000000e+000,0.000000e+000,0.000000e+000)	
mcap=(8.918424e-001,3.607288e-001,2.656941e-001)	
mjscore=(2.002420e+000,2.527985e+000,6.462858e+000)
Rank of Machine 6 for Task 2=3.380312e+000
dbarec=(1.379074e-001,9.026565e-001,4.777614e+000)	
dbarcc=(6.666667e-002,3.333333e-001,1.666667e+000)	
dbrel=(9.131206e-001,9.329186e-001,9.654696e-001)	
dbarld=(1.967622e-001,1.000000e+000,5.082276e+000)	
mcap=(6.492203e-001,4.064150e-001,4.190191e-002)	
mjscore=(1.963677e+000,3.575323e+000,1.253393e+001)
Rank of Machine 7 for Task 2=5.412063e+000
task 2 Assigned to=7
-------------------------------
dbarec=(1.377331e-001,9.439875e-001,6.801392e+000)	
dbarcc=(7.000000e-001,1.000000e+000,1.428571e+000)	
dbrel=(9.163340e-001,9.213841e-001,9.521805e-001)	
dbarld=(1.967622e-001,1.000000e+000,5.082276e+000)	
mcap=(3.784295e-001,2.897427e-001,1.883297e-001)	
mjscore=(2.329259e+000,4.155114e+000,1.445275e+001)
Rank of Machine 0 for Task 1=6.273059e+000
dbarec=(1.360219e-001,9.914415e-001,7.133653e+000)	
dbarcc=(2.333333e-001,3.333333e-001,4.761905e-001)	
dbrel=(9.112572e-001,9.248098e-001,9.646585e-001)	
dbarld=(1.967622e-001,1.000000e+000,5.082276e+000)	
mcap=(7.866451e-001,9.054842e-002,3.265481e-003)	
mjscore=(2.264020e+000,3.340133e+000,1.366004e+001)
Rank of Machine 1 for Task 1=5.651082e+000
dbarec=(1.231691e-001,9.556423e-001,6.167381e+000)	
dbarcc=(4.666667e-001,6.666667e-001,9.523810e-001)	
dbrel=(9.043206e-001,9.101332e-001,9.415660e-001)	
dbarld=(1.967622e-001,1.000000e+000,5.082276e+000)	
mcap=(1.183813e-001,2.453688e-002,1.385540e-002)	
mjscore=(1.809300e+000,3.556979e+000,1.315746e+001)
Rank of Machine 2 for Task 1=5.520179e+000
dbarec=(1.362551e-001,9.778804e-001,6.305944e+000)	
dbarcc=(4.666667e-001,6.666667e-001,9.523810e-001)	
dbrel=(9.122062e-001,9.180398e-001,9.693637e-001)	
dbarld=(1.967622e-001,1.000000e+000,5.082276e+000)	
mcap=(1.001007e-001,5.749687e-002,4.043703e-002)	
mjscore=(1.811991e+000,3.620084e+000,1.335040e+001)
Rank of Machine 3 for Task 1=5.600640e+000
dbarec=(1.317622e-001,9.745213e-001,6.082397e+000)	
dbarcc=(4.666667e-001,6.666667e-001,9.523810e-001)	
dbrel=(9.043217e-001,9.091629e-001,9.447972e-001)	
dbarld=(1.967622e-001,1.000000e+000,5.082276e+000)	
mcap=(7.824946e-001,6.592914e-001,6.472671e-001)	
mjscore=(2.482007e+000,4.209642e+000,1.370912e+001)
Rank of Machine 4 for Task 1=6.152603e+000
dbarec=(9.885560e-002,8.829725e-001,5.996001e+000)	
dbarcc=(0.000000e+000,0.000000e+000,0.000000e+000)	
dbrel=(9.132281e-001,9.319204e-001,9.702107e-001)	
dbarld=(1.967622e-001,1.000000e+000,5.082276e+000)	
mcap=(5.465255e-001,7.065035e-002,4.651021e-002)	
mjscore=(1.755371e+000,2.885543e+000,1.209500e+001)
Rank of Machine 5 for Task 1=4.905364e+000
dbarec=(1.348017e-001,9.821991e-001,7.069103e+000)	
dbarcc=(2.333333e-001,3.333333e-001,4.761905e-001)	
dbrel=(9.058522e-001,9.154856e-001,9.673772e-001)	
dbarld=(0.000000e+000,0.000000e+000,0.000000e+000)	
mcap=(1.634266e-001,1.633656e-001,4.361095e-002)	
mjscore=(1.437414e+000,2.394384e+000,8.556282e+000)
Rank of Machine 6 for Task 1=3.695616e+000
dbarec=(1.369720e-001,9.952935e-001,6.480385e+000)	
dbarcc=(2.333333e-001,3.333333e-001,4.761905e-001)	
dbrel=(9.131206e-001,9.329186e-001,9.654696e-001)	
dbarld=(0.000000e+000,0.000000e+000,0.000000e+000)	
mcap=(7.444075e-001,9.631642e-002,5.279702e-002)	
mjscore=(2.027833e+000,2.357862e+000,7.974842e+000)
Rank of Machine 7 for Task 1=3.679600e+000
task 1 Assigned to=0
-------------------------------
dbarec=(1.314908e-001,9.634829e-001,5.231586e+000)	
dbarcc=(2.333333e-001,3.333333e-001,4.761905e-001)	
dbrel=(9.163340e-001,9.213841e-001,9.521805e-001)	
dbarld=(-2.150417e-001,4.245895e-001,3.464834e+002)	
mcap=(4.421827e-001,2.940153e-001,2.244331e-001)	
mjscore=(1.508299e+000,2.936805e+000,3.533678e+002)
Rank of Machine 0 for Task 3=9.018743e+001
dbarec=(1.374819e-001,9.855760e-001,5.861023e+000)	
dbarcc=(2.333333e-001,3.333333e-001,4.761905e-001)	
dbrel=(9.112572e-001,9.248098e-001,9.646585e-001)	
dbarld=(2.402405e-003,1.000000e+000,4.162495e+002)	
mcap=(6.538285e-001,4.153569e-001,2.975860e-001)	
mjscore=(1.938303e+000,3.659076e+000,4.238489e+002)
Rank of Machine 1 for Task 3=1.082763e+002
dbarec=(1.377747e-001,9.969384e-001,7.067547e+000)	
dbarcc=(2.333333e-001,3.333333e-001,4.761905e-001)	
dbrel=(9.043206e-001,9.101332e-001,9.415660e-001)	
dbarld=(2.402405e-003,1.000000e+000,4.162495e+002)	
mcap=(7.366558e-001,1.668447e-001,1.241798e-001)	
mjscore=(2.014487e+000,3.407250e+000,4.248590e+002)
Rank of Machine 2 for Task 3=1.084220e+002
dbarec=(1.268163e-001,9.669531e-001,5.946785e+000)	
dbarcc=(2.333333e-001,3.333333e-001,4.761905e-001)	
dbrel=(9.122062e-001,9.180398e-001,9.693637e-001)	
dbarld=(2.402405e-003,1.000000e+000,4.162495e+002)	
mcap=(5.439009e-001,4.185614e-001,3.641774e-001)	
mjscore=(1.818659e+000,3.636888e+000,4.240060e+002)
Rank of Machine 3 for Task 3=1.082746e+002
dbarec=(1.370808e-001,9.605349e-001,4.914404e+000)	
dbarcc=(2.333333e-001,3.333333e-001,4.761905e-001)	
dbrel=(9.043217e-001,9.091629e-001,9.447972e-001)	
dbarld=(2.402405e-003,1.000000e+000,4.162495e+002)	
mcap=(3.727531e-001,2.641682e-001,2.548296e-002)	
mjscore=(1.649891e+000,3.467199e+000,4.226104e+002)
Rank of Machine 4 for Task 3=1.077987e+002
dbarec=(1.321054e-001,9.774858e-001,6.362047e+000)	
dbarcc=(2.333333e-001,3.333333e-001,4.761905e-001)	
dbrel=(9.132281e-001,9.319204e-001,9.702107e-001)	
dbarld=(2.402405e-003,1.000000e+000,4.162495e+002)	
mcap=(3.737602e-001,1.152074e-001,9.506516e-002)	
mjscore=(1.654829e+000,3.357947e+000,4.241530e+002)
Rank of Machine 5 for Task 3=1.081309e+002
dbarec=(1.372150e-001,9.883555e-001,2.518601e+000)	
dbarcc=(2.333333e-001,3.333333e-001,4.761905e-001)	
dbrel=(9.058522e-001,9.154856e-001,9.673772e-001)	
dbarld=(-3.783916e+001,-3.846267e-001,2.188581e+002)	
mcap=(5.927000e-001,9.277627e-002,8.505509e-002)	
mjscore=(-3.597006e+001,1.945324e+000,2.229054e+002)
Rank of Machine 6 for Task 3=4.770649e+001
dbarec=(1.356477e-001,9.784966e-001,4.964291e+000)	
dbarcc=(2.333333e-001,3.333333e-001,4.761905e-001)	
dbrel=(9.131206e-001,9.329186e-001,9.654696e-001)	
dbarld=(0.000000e+000,0.000000e+000,0.000000e+000)	
mcap=(4.663228e-001,1.800592e-002,8.697775e-003)	
mjscore=(1.748424e+000,2.262754e+000,6.414649e+000)
Rank of Machine 7 for Task 3=3.172146e+000
task 3 Assigned to=2
-------------------------------
dbarec=(1.136604e-001,8.163276e-001,5.488601e+000)	
dbarcc=(1.333333e-001,6.666667e-001,3.333333e+000)	
dbrel=(9.236865e-001,9.389295e-001,9.503028e-001)	
dbarld=(-2.150417e-001,4.245895e-001,3.464834e+002)	
mcap=(8.843043e-001,3.697317e-001,1.887875e-001)	
mjscore=(1.839943e+000,3.216245e+000,3.564445e+002)
Rank of Machine 0 for Task 4=9.117922e+001
dbarec=(1.381905e-001,9.943968e-001,6.122785e+000)	
dbarcc=(1.333333e-001,6.666667e-001,3.333333e+000)	
dbrel=(9.185690e-001,9.424204e-001,9.627562e-001)	
dbarld=(2.402405e-003,1.000000e+000,4.162495e+002)	
mcap=(3.616138e-001,1.916562e-001,5.496384e-002)	
mjscore=(1.554109e+000,3.795140e+000,4.267233e+002)
Rank of Machine 1 for Task 4=1.089669e+002
dbarec=(1.330932e-001,9.554344e-001,5.425265e+000)	
dbarcc=(2.000000e-001,1.000000e+000,5.000000e+000)	
dbrel=(9.115767e-001,9.274643e-001,9.397092e-001)	
dbarld=(-1.637965e-001,9.685483e-001,3.920507e+002)	
mcap=(3.675039e-001,2.977996e-001,2.449416e-001)	
mjscore=(1.448377e+000,4.149247e+000,4.036606e+002)
Rank of Machine 2 for Task 4=1.033519e+002
dbarec=(1.311271e-001,9.445705e-001,6.551800e+000)	
dbarcc=(6.666667e-002,3.333333e-001,1.666667e+000)	
dbrel=(9.195256e-001,9.355214e-001,9.674522e-001)	
dbarld=(2.402405e-003,1.000000e+000,4.162495e+002)	
mcap=(7.220679e-002,3.509629e-002,9.826960e-003)	
mjscore=(1.191929e+000,3.248522e+000,4.254452e+002)
Rank of Machine 3 for Task 4=1.082835e+002
dbarec=(1.358474e-001,9.379166e-001,5.841591e+000)	
dbarcc=(6.666667e-002,3.333333e-001,1.666667e+000)	
dbrel=(9.115778e-001,9.264755e-001,9.429340e-001)	
dbarld=(2.402405e-003,1.000000e+000,4.162495e+002)	
mcap=(3.929563e-001,4.974517e-002,6.775109e-003)	
mjscore=(1.509451e+000,3.247471e+000,4.247074e+002)
Rank of Machine 4 for Task 4=1.081780e+002
dbarec=(1.269792e-001,8.163500e-001,5.771279e+000)	
dbarcc=(6.666667e-002,3.333333e-001,1.666667e+000)	
dbrel=(9.205556e-001,9.496663e-001,9.682974e-001)	
dbarld=(2.402405e-003,1.000000e+000,4.162495e+002)	
mcap=(1.130406e-001,7.324442e-003,1.831111e-003)	
mjscore=(1.229644e+000,3.106674e+000,4.246576e+002)
Rank of Machine 5 for Task 4=1.080251e+002
dbarec=(1.365890e-001,9.518355e-001,5.459103e+000)	
dbarcc=(1.333333e-001,6.666667e-001,3.333333e+000)	
dbrel=(9.131206e-001,9.329186e-001,9.654696e-001)	
dbarld=(-3.783916e+001,-3.846267e-001,2.188581e+002)	
mcap=(4.247871e-001,3.758354e-001,3.539232e-001)	
mjscore=(-3.623133e+001,2.542629e+000,2.289700e+002)
Rank of Machine 6 for Task 4=4.945597e+001
dbarec=(1.365669e-001,9.034994e-001,6.265882e+000)	
dbarcc=(0.000000e+000,0.000000e+000,0.000000e+000)	
dbrel=(9.204473e-001,9.506836e-001,9.635657e-001)	
dbarld=(0.000000e+000,0.000000e+000,0.000000e+000)	
mcap=(2.234870e-001,4.791406e-003,6.103702e-005)	
mjscore=(1.280501e+000,1.858974e+000,7.229509e+000)
Rank of Machine 7 for Task 4=3.056990e+000
task 4 Assigned to=1
-------------------------------
dbarec=(4.398059e-002,7.750387e-001,3.573568e+000)	
dbarcc=(2.333333e-001,3.333333e-001,4.761905e-001)	
dbrel=(9.269371e-001,9.273207e-001,9.372225e-001)	
dbarld=(-2.150417e-001,4.245895e-001,3.464834e+002)	
mcap=(9.006012e-002,6.714072e-003,1.861629e-003)	
mjscore=(1.079269e+000,2.466996e+000,3.514723e+002)
Rank of Machine 0 for Task 8=8.937138e+001
dbarec=(1.315618e-001,9.084123e-001,4.626228e+000)	
dbarcc=(7.000000e-001,1.000000e+000,1.428571e+000)	
dbrel=(9.218016e-001,9.307685e-001,9.495045e-001)	
dbarld=(8.393385e-004,9.424393e-001,2.303017e+002)	
mcap=(6.504105e-001,2.655110e-001,2.255928e-001)	
mjscore=(2.404613e+000,4.047131e+000,2.375316e+002)
Rank of Machine 1 for Task 8=6.200763e+001
dbarec=(1.204058e-001,8.967406e-001,5.861020e+000)	
dbarcc=(4.666667e-001,6.666667e-001,9.523810e-001)	
dbrel=(9.147847e-001,9.159973e-001,9.267747e-001)	
dbarld=(-1.637965e-001,9.685483e-001,3.920507e+002)	
mcap=(4.123051e-001,3.072909e-001,6.106754e-002)	
mjscore=(1.750366e+000,3.755244e+000,3.998519e+002)
Rank of Machine 2 for Task 8=1.022782e+002
dbarec=(9.307733e-002,7.423356e-001,3.160562e+000)	
dbarcc=(4.666667e-001,6.666667e-001,9.523810e-001)	
dbrel=(9.227616e-001,9.239548e-001,9.541358e-001)	
dbarld=(2.402405e-003,1.000000e+000,4.162495e+002)	
mcap=(2.586444e-001,2.432325e-002,9.033479e-003)	
mjscore=(1.743552e+000,3.357280e+000,4.213256e+002)
Rank of Machine 3 for Task 8=1.074459e+002
dbarec=(9.023935e-003,6.739527e-001,2.798411e+000)	
dbarcc=(0.000000e+000,0.000000e+000,0.000000e+000)	
dbrel=(9.147859e-001,9.150207e-001,9.299551e-001)	
dbarld=(2.402405e-003,1.000000e+000,4.162495e+002)	
mcap=(1.512497e-001,5.929746e-002,3.906369e-002)	
mjscore=(1.077462e+000,2.648271e+000,4.200169e+002)
Rank of Machine 4 for Task 8=1.065977e+002
dbarec=(1.358196e-001,9.931745e-001,7.014413e+000)	
dbarcc=(4.666667e-001,6.666667e-001,9.523810e-001)	
dbrel=(9.237952e-001,9.379248e-001,9.549694e-001)	
dbarld=(2.402405e-003,1.000000e+000,4.162495e+002)	
mcap=(3.115940e-002,2.136296e-002,9.826960e-003)	
mjscore=(1.559843e+000,3.619129e+000,4.251811e+002)
Rank of Machine 5 for Task 8=1.084948e+002
dbarec=(1.335798e-001,9.765460e-001,5.985311e+000)	
dbarcc=(2.333333e-001,3.333333e-001,4.761905e-001)	
dbrel=(9.163340e-001,9.213841e-001,9.521805e-001)	
dbarld=(-3.783916e+001,-3.846267e-001,2.188581e+002)	
mcap=(4.837184e-001,3.000885e-001,2.509537e-001)	
mjscore=(-3.607220e+001,2.146725e+000,2.265228e+002)
Rank of Machine 6 for Task 8=4.868600e+001
dbarec=(1.189030e-001,8.530719e-001,4.088931e+000)	
dbarcc=(2.333333e-001,3.333333e-001,4.761905e-001)	
dbrel=(9.236865e-001,9.389295e-001,9.503028e-001)	
dbarld=(0.000000e+000,0.000000e+000,0.000000e+000)	
mcap=(6.045717e-001,5.978271e-001,3.205969e-001)	
mjscore=(1.880494e+000,2.723162e+000,5.836021e+000)
Rank of Machine 7 for Task 8=3.290710e+000
task 8 Assigned to=5
-------------------------------
dbarec=(9.171583e-002,8.927987e-001,2.126398e+000)	
dbarcc=(2.777778e-001,6.666667e-001,1.600000e+000)	
dbrel=(8.713747e-001,8.808351e-001,9.043230e-001)	
dbarld=(-2.150417e-001,4.245895e-001,3.464834e+002)	
mcap=(9.504685e-001,4.490188e-001,1.323588e-001)	
mjscore=(1.976295e+000,3.313909e+000,3.512465e+002)
Rank of Machine 0 for Task 6=8.996265e+001
dbarec=(5.061093e-002,5.849574e-001,4.252077e-001)	
dbarcc=(2.777778e-001,5.833333e-001,1.200000e+000)	
dbrel=(8.665470e-001,8.841100e-001,9.161738e-001)	
dbarld=(8.393385e-004,9.424393e-001,2.303017e+002)	
mcap=(5.951109e-003,3.173925e-003,3.143406e-003)	
mjscore=(1.201726e+000,2.998014e+000,2.328463e+002)
Rank of Machine 1 for Task 6=6.001100e+001
dbarec=(2.089360e-002,6.883918e-001,3.968250e-001)	
dbarcc=(1.388889e-001,3.333333e-001,8.000000e-001)	
dbrel=(8.599507e-001,8.700793e-001,8.942419e-001)	
dbarld=(-1.637965e-001,9.685483e-001,3.920507e+002)	
mcap=(6.793420e-001,2.222663e-001,1.601306e-001)	
mjscore=(1.535279e+000,3.082619e+000,3.943019e+002)
Rank of Machine 2 for Task 6=1.005006e+002
dbarec=(8.263748e-002,8.079213e-001,2.214224e+000)	
dbarcc=(4.166667e-001,9.166667e-001,2.000000e+000)	
dbrel=(8.674494e-001,8.776379e-001,9.206426e-001)	
dbarld=(2.402405e-003,1.000000e+000,4.162495e+002)	
mcap=(6.752525e-001,4.890896e-001,2.786035e-001)	
mjscore=(2.044409e+000,4.091315e+000,4.216629e+002)
Rank of Machine 3 for Task 6=1.079725e+002
dbarec=(1.234392e-001,8.945704e-001,9.697721e-001)	
dbarcc=(1.388889e-001,4.166667e-001,1.200000e+000)	
dbrel=(8.599518e-001,8.691517e-001,8.973107e-001)	
dbarld=(2.402405e-003,1.000000e+000,4.162495e+002)	
mcap=(3.334452e-001,2.261422e-002,2.056948e-002)	
mjscore=(1.458128e+000,3.203003e+000,4.193371e+002)
Rank of Machine 4 for Task 6=1.068003e+002
dbarec=(1.023489e-001,8.628277e-001,2.271825e+000)	
dbarcc=(1.388889e-001,3.333333e-001,8.000000e-001)	
dbrel=(8.684211e-001,8.909076e-001,9.214469e-001)	
dbarld=(-2.576733e+000,9.298818e-001,3.829539e+002)	
mcap=(6.530656e-001,1.550645e-001,1.029695e-001)	
mjscore=(-8.140080e-001,3.172015e+000,3.870501e+002)
Rank of Machine 5 for Task 6=9.814504e+001
dbarec=(1.153788e-001,6.968217e-001,2.858789e+000)	
dbarcc=(0.000000e+000,8.333333e-002,4.000000e-001)	
dbrel=(8.614071e-001,8.751961e-001,9.187559e-001)	
dbarld=(-3.783916e+001,-3.846267e-001,2.188581e+002)	
mcap=(4.857326e-001,2.805567e-001,2.768639e-001)	
mjscore=(-3.637664e+001,1.551281e+000,2.233125e+002)
Rank of Machine 6 for Task 6=4.750961e+001
dbarec=(1.245867e-001,9.439750e-001,4.911192e+000)	
dbarcc=(2.777778e-001,6.666667e-001,1.600000e+000)	
dbrel=(8.683189e-001,8.918619e-001,9.169441e-001)	
dbarld=(0.000000e+000,0.000000e+000,0.000000e+000)	
mcap=(1.272622e-002,1.077303e-002,3.662221e-004)	
mjscore=(1.283410e+000,2.513277e+000,7.428502e+000)
Rank of Machine 7 for Task 6=3.434616e+000
task 6 Assigned to=3
-------------------------------
dbarec=(1.378882e-001,9.906307e-001,5.263738e+000)	
dbarcc=(3.809524e-001,8.000000e-001,1.777778e+000)	
dbrel=(8.808740e-001,8.953184e-001,9.363798e-001)	
dbarld=(-2.150417e-001,4.245895e-001,3.464834e+002)	
mcap=(4.744407e-001,2.656941e-001,1.519822e-002)	
mjscore=(1.659114e+000,3.376233e+000,3.544765e+002)
Rank of Machine 0 for Task 7=9.072202e+001
dbarec=(1.376748e-001,9.589742e-001,6.644714e+000)	
dbarcc=(3.809524e-001,8.000000e-001,1.777778e+000)	
dbrel=(8.759937e-001,8.986472e-001,9.486507e-001)	
dbarld=(8.393385e-004,9.424393e-001,2.303017e+002)	
mcap=(5.845820e-001,9.628590e-002,5.319376e-002)	
mjscore=(1.980042e+000,3.696347e+000,2.397261e+002)
Rank of Machine 1 for Task 7=6.227470e+001
dbarec=(1.336798e-001,8.439017e-001,5.594264e+000)	
dbarcc=(4.047619e-001,9.000000e-001,2.055556e+000)	
dbrel=(8.693255e-001,8.843857e-001,9.259414e-001)	
dbarld=(-1.637965e-001,9.685483e-001,3.920507e+002)	
mcap=(7.816095e-001,3.274636e-002,3.082369e-002)	
mjscore=(2.025580e+000,3.629582e+000,4.006572e+002)
Rank of Machine 2 for Task 7=1.024855e+002
dbarec=(1.381998e-001,8.915002e-001,5.888446e+000)	
dbarcc=(3.571429e-001,7.000000e-001,1.500000e+000)	
dbrel=(8.769060e-001,8.920686e-001,9.532779e-001)	
dbarld=(0.000000e+000,0.000000e+000,0.000000e+000)	
mcap=(6.539201e-001,5.753044e-001,5.098727e-001)	
mjscore=(2.026169e+000,3.058873e+000,8.851597e+000)
Rank of Machine 3 for Task 7=4.248878e+000
dbarec=(1.383635e-001,9.957899e-001,7.176722e+000)	
dbarcc=(4.047619e-001,9.000000e-001,2.055556e+000)	
dbrel=(8.693266e-001,8.834429e-001,9.291189e-001)	
dbarld=(8.094146e-002,1.000000e+000,1.235461e+001)	
mcap=(6.868496e-001,1.758477e-001,7.153539e-002)	
mjscore=(2.180243e+000,3.955080e+000,2.258754e+001)
Rank of Machine 4 for Task 7=8.169486e+000
dbarec=(1.375969e-001,9.673158e-001,5.424581e+000)	
dbarcc=(4.047619e-001,9.000000e-001,2.055556e+000)	
dbrel=(8.778883e-001,9.055566e-001,9.541107e-001)	
dbarld=(7.675872e-002,9.644648e-001,1.187356e+001)	
mcap=(7.740410e-001,6.928312e-001,8.856471e-002)	
mjscore=(2.271047e+000,4.430168e+000,2.039637e+001)
Rank of Machine 5 for Task 7=7.881939e+000
dbarec=(1.350253e-001,9.499605e-001,6.521012e+000)	
dbarcc=(4.285714e-001,1.000000e+000,2.333333e+000)	
dbrel=(8.707978e-001,8.895867e-001,9.513243e-001)	
dbarld=(3.552180e-002,2.982850e-001,9.502729e+000)	
mcap=(4.788049e-001,4.472488e-001,2.479019e-001)	
mjscore=(1.948721e+000,3.585081e+000,1.955630e+001)
Rank of Machine 6 for Task 7=7.168796e+000
dbarec=(1.383352e-001,9.943963e-001,6.578719e+000)	
dbarcc=(3.809524e-001,8.000000e-001,1.777778e+000)	
dbrel=(8.777850e-001,9.065265e-001,9.494483e-001)	
dbarld=(7.977203e-002,4.932100e-001,6.340701e+000)	
mcap=(3.946043e-001,2.597125e-001,1.350139e-001)	
mjscore=(1.871449e+000,3.453845e+000,1.578166e+001)
Rank of Machine 7 for Task 7=6.140200e+000
task 7 Assigned to=2
-------------------------------
dbarec=(7.988773e-002,8.802609e-001,4.285438e+000)	
dbarcc=(1.428571e-001,3.333333e-001,7.777778e-001)	
dbrel=(9.147847e-001,9.159973e-001,9.267747e-001)	
dbarld=(7.952055e-002,7.083877e-001,1.134664e+001)	
mcap=(7.132786e-001,2.576067e-001,5.883969e-002)	
mjscore=(1.930329e+000,3.095586e+000,1.739547e+001)
Rank of Machine 0 for Task 13=6.379243e+000
dbarec=(1.048719e-001,9.123135e-001,4.032474e+000)	
dbarcc=(1.428571e-001,3.333333e-001,7.777778e-001)	
dbrel=(9.097165e-001,9.194030e-001,9.389198e-001)	
dbarld=(8.018060e-002,9.708288e-001,9.668065e+000)	
mcap=(2.025819e-001,5.767998e-002,3.729362e-002)	
mjscore=(1.440208e+000,3.193559e+000,1.545453e+001)
Rank of Machine 1 for Task 13=5.820464e+000
dbarec=(9.823082e-002,8.826947e-001,3.422792e+000)	
dbarcc=(0.000000e+000,0.000000e+000,0.000000e+000)	
dbrel=(9.027916e-001,9.048121e-001,9.164434e-001)	
dbarld=(7.230925e-002,1.713815e-001,8.011113e+000)	
mcap=(3.610340e-001,2.228156e-001,8.349864e-002)	
mjscore=(1.434366e+000,2.181704e+000,1.243385e+001)
Rank of Machine 2 for Task 13=4.557905e+000
dbarec=(5.216535e-002,8.716436e-001,3.785775e+000)	
dbarcc=(2.857143e-001,6.666667e-001,1.555556e+000)	
dbrel=(9.106639e-001,9.126725e-001,9.434995e-001)	
dbarld=(0.000000e+000,0.000000e+000,0.000000e+000)	
mcap=(2.888577e-001,9.515671e-002,3.982665e-002)	
mjscore=(1.537401e+000,2.546139e+000,6.324657e+000)
Rank of Machine 3 for Task 13=3.238584e+000
dbarec=(1.225747e-001,9.738472e-001,6.700557e+000)	
dbarcc=(2.857143e-001,6.666667e-001,1.555556e+000)	
dbrel=(9.027927e-001,9.038475e-001,9.195884e-001)	
dbarld=(8.094146e-002,1.000000e+000,1.235461e+001)	
mcap=(1.251869e-001,7.116916e-002,5.432295e-003)	
mjscore=(1.517210e+000,3.615531e+000,2.153574e+001)
Rank of Machine 4 for Task 13=7.571003e+000
dbarec=(1.224590e-001,9.786031e-001,3.992482e+000)	
dbarcc=(2.857143e-001,6.666667e-001,1.555556e+000)	
dbrel=(9.116840e-001,9.264719e-001,9.443238e-001)	
dbarld=(7.675872e-002,9.644648e-001,1.187356e+001)	
mcap=(3.954588e-001,3.863948e-001,3.775750e-001)	
mjscore=(1.792075e+000,3.922601e+000,1.874350e+001)
Rank of Machine 5 for Task 13=7.095193e+000
dbarec=(7.860038e-002,8.982867e-001,5.039510e+000)	
dbarcc=(1.428571e-001,3.333333e-001,7.777778e-001)	
dbrel=(9.043206e-001,9.101332e-001,9.415660e-001)	
dbarld=(3.552180e-002,2.982850e-001,9.502729e+000)	
mcap=(2.018799e-001,9.018220e-002,4.000977e-002)	
mjscore=(1.363180e+000,2.530220e+000,1.630159e+001)
Rank of Machine 6 for Task 13=5.681303e+000
dbarec=(1.262257e-001,8.564730e-001,2.853745e+000)	
dbarcc=(4.285714e-001,1.000000e+000,2.333333e+000)	
dbrel=(9.115767e-001,9.274643e-001,9.397092e-001)	
dbarld=(7.977203e-002,4.932100e-001,6.340701e+000)	
mcap=(9.119541e-001,3.409833e-001,2.157353e-001)	
mjscore=(2.458100e+000,3.618131e+000,1.268322e+001)
Rank of Machine 7 for Task 13=5.594396e+000
task 13 Assigned to=4
-------------------------------
dbarec=(6.818889e-002,5.673785e-001,2.267837e+000)	
dbarcc=(4.285714e-001,1.000000e+000,2.333333e+000)	
dbrel=(9.730779e-001,9.679240e-001,9.677238e-001)	
dbarld=(7.952055e-002,7.083877e-001,1.134664e+001)	
mcap=(8.851283e-001,7.428510e-001,4.661397e-001)	
mjscore=(2.434487e+000,3.986541e+000,1.738167e+001)
Rank of Machine 0 for Task 15=6.947311e+000
dbarec=(1.165801e-001,9.332490e-001,5.494955e+000)	
dbarcc=(4.285714e-001,1.000000e+000,2.333333e+000)	
dbrel=(9.858298e-001,9.715227e-001,9.623623e-001)	
dbarld=(8.018060e-002,9.708288e-001,9.668065e+000)	
mcap=(5.657826e-001,1.648610e-001,3.906369e-002)	
mjscore=(2.176945e+000,4.040462e+000,1.849778e+001)
Rank of Machine 1 for Task 15=7.188912e+000
dbarec=(1.222362e-001,9.772689e-001,6.881537e+000)	
dbarcc=(4.285714e-001,1.000000e+000,2.333333e+000)	
dbrel=(9.622304e-001,9.561048e-001,9.550366e-001)	
dbarld=(7.230925e-002,1.713815e-001,8.011113e+000)	
mcap=(2.465896e-002,1.779229e-002,1.470992e-002)	
mjscore=(1.610006e+000,3.122547e+000,1.819573e+001)
Rank of Machine 2 for Task 15=6.512708e+000
dbarec=(1.199859e-001,9.512178e-001,6.134916e+000)	
dbarcc=(4.285714e-001,1.000000e+000,2.333333e+000)	
dbrel=(9.906383e-001,9.644107e-001,9.633645e-001)	
dbarld=(0.000000e+000,0.000000e+000,0.000000e+000)	
mcap=(3.781549e-001,1.318094e-001,7.626576e-002)	
mjscore=(1.917350e+000,3.047438e+000,9.507880e+000)
Rank of Machine 3 for Task 15=4.380026e+000
dbarec=(9.973340e-002,7.688839e-001,4.534216e+000)	
dbarcc=(4.285714e-001,1.000000e+000,2.333333e+000)	
dbrel=(9.655325e-001,9.550855e-001,9.550378e-001)	
dbarld=(5.764217e-002,8.638435e-001,1.109722e+001)	
mcap=(2.053896e-002,8.148442e-003,4.303110e-003)	
mjscore=(1.572019e+000,3.595961e+000,1.892411e+001)
Rank of Machine 4 for Task 15=6.922012e+000
dbarec=(1.181411e-001,9.629323e-001,5.549780e+000)	
dbarcc=(4.285714e-001,1.000000e+000,2.333333e+000)	
dbrel=(9.915038e-001,9.789924e-001,9.644436e-001)	
dbarld=(7.675872e-002,9.644648e-001,1.187356e+001)	
mcap=(1.705679e-001,1.250649e-001,1.376385e-002)	
mjscore=(1.785543e+000,4.031454e+000,2.073488e+001)
Rank of Machine 5 for Task 15=7.645833e+000
dbarec=(-1.583385e-001,6.221749e-001,3.928545e+000)	
dbarcc=(4.285714e-001,1.000000e+000,2.333333e+000)	
dbrel=(9.886082e-001,9.617275e-001,9.566541e-001)	
dbarld=(3.552180e-002,2.982850e-001,9.502729e+000)	
mcap=(5.653249e-001,1.144139e-001,6.631672e-002)	
mjscore=(1.859688e+000,2.996601e+000,1.678758e+001)
Rank of Machine 6 for Task 15=6.160117e+000
dbarec=(-2.017434e-001,7.070395e-001,4.349205e+000)	
dbarcc=(4.285714e-001,1.000000e+000,2.333333e+000)	
dbrel=(9.866587e-001,9.800410e-001,9.643301e-001)	
dbarld=(7.977203e-002,4.932100e-001,6.340701e+000)	
mcap=(6.781213e-002,1.767022e-002,8.148442e-003)	
mjscore=(1.361071e+000,3.197961e+000,1.399572e+001)
Rank of Machine 7 for Task 15=5.438178e+000
task 15 Assigned to=5
-------------------------------
dbarec=(6.718137e-002,8.104767e-001,2.101973e+000)	
dbarcc=(4.629630e-001,8.333333e-001,1.500000e+000)	
dbrel=(8.732592e-001,8.876075e-001,9.095279e-001)	
dbarld=(7.952055e-002,7.083877e-001,1.134664e+001)	
mcap=(2.765282e-001,1.842402e-001,4.077273e-002)	
mjscore=(1.759452e+000,3.424046e+000,1.589891e+001)
Rank of Machine 0 for Task 5=6.126614e+000
dbarec=(1.049297e-001,8.940833e-001,5.756940e+000)	
dbarcc=(4.629630e-001,8.333333e-001,1.500000e+000)	
dbrel=(8.684211e-001,8.909076e-001,9.214469e-001)	
dbarld=(8.018060e-002,9.708288e-001,9.668065e+000)	
mcap=(8.943449e-001,4.264351e-001,2.164068e-001)	
mjscore=(2.410839e+000,4.015588e+000,1.806286e+001)
Rank of Machine 1 for Task 5=7.126218e+000
dbarec=(1.249723e-001,8.819972e-001,5.154218e+000)	
dbarcc=(3.703704e-001,6.666667e-001,1.200000e+000)	
dbrel=(8.618106e-001,8.767690e-001,8.993888e-001)	
dbarld=(7.230925e-002,1.713815e-001,8.011113e+000)	
mcap=(6.921598e-002,1.147496e-002,5.645924e-003)	
mjscore=(1.498678e+000,2.608289e+000,1.527037e+001)
Rank of Machine 2 for Task 5=5.496406e+000
dbarec=(-4.034387e-001,6.113168e-001,2.356173e+000)	
dbarcc=(5.555556e-001,1.000000e+000,1.800000e+000)	
dbrel=(8.693255e-001,8.843857e-001,9.259414e-001)	
dbarld=(0.000000e+000,0.000000e+000,0.000000e+000)	
mcap=(4.050722e-001,8.981597e-002,2.633747e-002)	
mjscore=(1.426515e+000,2.585519e+000,5.108452e+000)
Rank of Machine 3 for Task 5=2.926501e+000
dbarec=(1.109275e-001,9.262259e-001,5.661782e+000)	
dbarcc=(3.703704e-001,6.666667e-001,1.200000e+000)	
dbrel=(8.618117e-001,8.758343e-001,9.024752e-001)	
dbarld=(5.764217e-002,8.638435e-001,1.109722e+001)	
mcap=(7.264931e-001,2.729575e-001,1.644948e-001)	
mjscore=(2.127245e+000,3.605528e+000,1.902597e+001)
Rank of Machine 4 for Task 5=7.091067e+000
dbarec=(1.001406e-001,7.497847e-001,2.616394e+000)	
dbarcc=(3.703704e-001,6.666667e-001,1.200000e+000)	
dbrel=(8.702993e-001,8.977575e-001,9.267503e-001)	
dbarld=(4.706030e-002,7.714831e-001,7.769652e+000)	
mcap=(4.973907e-001,6.158635e-002,5.349895e-002)	
mjscore=(1.885261e+000,3.147278e+000,1.256629e+001)
Rank of Machine 5 for Task 5=5.186528e+000
dbarec=(1.287253e-001,9.494182e-001,6.537436e+000)	
dbarcc=(2.777778e-001,5.000000e-001,9.000000e-001)	
dbrel=(8.632701e-001,8.819252e-001,9.240439e-001)	
dbarld=(3.552180e-002,2.982850e-001,9.502729e+000)	
mcap=(4.954070e-001,3.476058e-001,3.906369e-002)	
mjscore=(1.800702e+000,2.977234e+000,1.790327e+001)
Rank of Machine 6 for Task 5=6.414611e+000
dbarec=(2.016577e-002,7.873497e-001,3.661961e+000)	
dbarcc=(4.629630e-001,8.333333e-001,1.500000e+000)	
dbrel=(8.701969e-001,8.987191e-001,9.222217e-001)	
dbarld=(7.977203e-002,4.932100e-001,6.340701e+000)	
mcap=(5.261391e-001,4.659566e-001,2.395703e-001)	
mjscore=(1.959237e+000,3.478569e+000,1.266445e+001)
Rank of Machine 7 for Task 5=5.395207e+000
task 5 Assigned to=1
-------------------------------
dbarec=(2.446717e-002,7.849161e-001,2.486842e+000)	
dbarcc=(5.555556e-001,1.000000e+000,1.800000e+000)	
dbrel=(9.237952e-001,9.379248e-001,9.549694e-001)	
dbarld=(7.952055e-002,7.083877e-001,1.134664e+001)	
mcap=(6.129032e-001,4.213080e-001,3.638417e-001)	
mjscore=(2.196242e+000,3.852537e+000,1.695229e+001)
Rank of Machine 0 for Task 11=6.713402e+000
dbarec=(1.362275e-001,9.937993e-001,6.940277e+000)	
dbarcc=(5.555556e-001,1.000000e+000,1.800000e+000)	
dbrel=(9.186771e-001,9.414120e-001,9.674840e-001)	
dbarld=(3.141390e-002,4.194054e-001,6.076579e+000)	
mcap=(1.898862e-001,1.211585e-001,7.019257e-004)	
mjscore=(1.831760e+000,3.475775e+000,1.578504e+001)
Rank of Machine 1 for Task 11=6.142088e+000
dbarec=(9.187028e-002,7.958773e-001,3.446592e+000)	
dbarcc=(5.555556e-001,1.000000e+000,1.800000e+000)	
dbrel=(9.116840e-001,9.264719e-001,9.443238e-001)	
dbarld=(7.230925e-002,1.713815e-001,8.011113e+000)	
mcap=(5.739921e-001,2.561724e-001,8.761864e-002)	
mjscore=(2.205411e+000,3.149903e+000,1.428965e+001)
Rank of Machine 2 for Task 11=5.698716e+000
dbarec=(1.229295e-001,9.105551e-001,4.611210e+000)	
dbarcc=(5.555556e-001,1.000000e+000,1.800000e+000)	
dbrel=(9.196339e-001,9.345204e-001,9.722030e-001)	
dbarld=(0.000000e+000,0.000000e+000,0.000000e+000)	
mcap=(7.022614e-001,2.219306e-001,6.311228e-002)	
mjscore=(2.300380e+000,3.067006e+000,7.446525e+000)
Rank of Machine 3 for Task 11=3.970229e+000
dbarec=(1.367803e-001,9.875985e-001,6.964498e+000)	
dbarcc=(5.555556e-001,1.000000e+000,1.800000e+000)	
dbrel=(9.116852e-001,9.254842e-001,9.475644e-001)	
dbarld=(5.764217e-002,8.638435e-001,1.109722e+001)	
mcap=(3.883480e-001,2.497940e-001,1.079745e-001)	
mjscore=(2.050011e+000,4.026720e+000,2.091725e+001)
Rank of Machine 4 for Task 11=7.755176e+000
dbarec=(1.062942e-001,9.282991e-001,2.293412e+000)	
dbarcc=(5.555556e-001,1.000000e+000,1.800000e+000)	
dbrel=(9.206640e-001,9.486502e-001,9.730524e-001)	
dbarld=(4.706030e-002,7.714831e-001,7.769652e+000)	
mcap=(9.610279e-001,6.189764e-001,3.665273e-001)	
mjscore=(2.590602e+000,4.267409e+000,1.320264e+001)
Rank of Machine 5 for Task 11=6.082016e+000
dbarec=(1.274332e-001,9.492485e-001,4.788493e+000)	
dbarcc=(5.555556e-001,1.000000e+000,1.800000e+000)	
dbrel=(9.132281e-001,9.319204e-001,9.702107e-001)	
dbarld=(3.552180e-002,2.982850e-001,9.502729e+000)	
mcap=(3.419294e-001,1.145665e-001,6.225776e-003)	
mjscore=(1.973668e+000,3.294020e+000,1.706766e+001)
Rank of Machine 6 for Task 11=6.407342e+000
dbarec=(1.246437e-001,9.714858e-001,2.818196e+000)	
dbarcc=(5.555556e-001,1.000000e+000,1.800000e+000)	
dbrel=(9.205556e-001,9.496663e-001,9.682974e-001)	
dbarld=(7.977203e-002,4.932100e-001,6.340701e+000)	
mcap=(5.133824e-001,2.946562e-001,1.779534e-001)	
mjscore=(2.193909e+000,3.709018e+000,1.210515e+001)
Rank of Machine 7 for Task 11=5.429273e+000
task 11 Assigned to=4
-------------------------------
dbarec=(1.376494e-001,8.896035e-001,6.102249e+000)	
dbarcc=(6.666667e-002,3.333333e-001,1.666667e+000)	
dbrel=(9.227616e-001,9.239548e-001,9.541358e-001)	
dbarld=(7.952055e-002,7.083877e-001,1.134664e+001)	
mcap=(5.235755e-001,6.390576e-002,5.731376e-002)	
mjscore=(1.730174e+000,2.919185e+000,2.012700e+001)
Rank of Machine 0 for Task 10=6.923887e+000
dbarec=(1.384053e-001,9.697698e-001,7.000375e+000)	
dbarcc=(6.666667e-002,3.333333e-001,1.666667e+000)	
dbrel=(9.176492e-001,9.273900e-001,9.666394e-001)	
dbarld=(3.141390e-002,4.194054e-001,6.076579e+000)	
mcap=(3.084811e-001,2.595599e-001,1.837214e-001)	
mjscore=(1.462616e+000,2.909458e+000,1.589398e+001)
Rank of Machine 1 for Task 10=5.793879e+000
dbarec=(1.384388e-001,9.736072e-001,6.932774e+000)	
dbarcc=(1.333333e-001,6.666667e-001,3.333333e+000)	
dbrel=(9.106639e-001,9.126725e-001,9.434995e-001)	
dbarld=(7.230925e-002,1.713815e-001,8.011113e+000)	
mcap=(6.532182e-001,1.824091e-001,1.360210e-001)	
mjscore=(1.907963e+000,2.906737e+000,1.935674e+001)
Rank of Machine 2 for Task 10=6.769545e+000
dbarec=(1.386197e-001,9.925475e-001,6.581974e+000)	
dbarcc=(0.000000e+000,0.000000e+000,0.000000e+000)	
dbrel=(9.186049e-001,9.206011e-001,9.713543e-001)	
dbarld=(0.000000e+000,0.000000e+000,0.000000e+000)	
mcap=(4.840541e-001,2.229377e-001,1.572314e-001)	
mjscore=(1.541279e+000,2.136086e+000,7.710560e+000)
Rank of Machine 3 for Task 10=3.381003e+000
dbarec=(1.386076e-001,9.224252e-001,6.541977e+000)	
dbarcc=(1.333333e-001,6.666667e-001,3.333333e+000)	
dbrel=(9.106651e-001,9.116995e-001,9.467373e-001)	
dbarld=(5.484604e-002,7.992786e-001,1.049270e+001)	
mcap=(9.150670e-001,2.857448e-001,2.131108e-001)	
mjscore=(2.152519e+000,3.585815e+000,2.152786e+001)
Rank of Machine 4 for Task 10=7.713002e+000
dbarec=(1.381153e-001,9.302234e-001,6.428504e+000)	
dbarcc=(1.333333e-001,6.666667e-001,3.333333e+000)	
dbrel=(9.196339e-001,9.345204e-001,9.722030e-001)	
dbarld=(4.706030e-002,7.714831e-001,7.769652e+000)	
mcap=(7.165441e-001,3.830073e-002,3.683584e-002)	
mjscore=(1.954687e+000,3.341194e+000,1.854053e+001)
Rank of Machine 5 for Task 10=6.794401e+000
dbarec=(1.371377e-001,8.822125e-001,6.145787e+000)	
dbarcc=(2.000000e-001,1.000000e+000,5.000000e+000)	
dbrel=(9.122062e-001,9.180398e-001,9.693637e-001)	
dbarld=(3.552180e-002,2.982850e-001,9.502729e+000)	
mcap=(9.434492e-001,6.604511e-001,3.881039e-001)	
mjscore=(2.228315e+000,3.758988e+000,2.200598e+001)
Rank of Machine 6 for Task 10=7.938069e+000
dbarec=(1.369196e-001,8.580281e-001,5.046307e+000)	
dbarcc=(6.666667e-002,3.333333e-001,1.666667e+000)	
dbrel=(9.195256e-001,9.355214e-001,9.674522e-001)	
dbarld=(7.977203e-002,4.932100e-001,6.340701e+000)	
mcap=(5.022736e-001,2.214118e-001,7.016205e-002)	
mjscore=(1.705158e+000,2.841505e+000,1.409129e+001)
Rank of Machine 7 for Task 10=5.369864e+000
task 10 Assigned to=6
-------------------------------
dbarec=(1.383740e-001,9.756863e-001,4.116723e+000)	
dbarcc=(3.137255e-001,5.714286e-001,1.033333e+000)	
dbrel=(8.808740e-001,8.953184e-001,9.363798e-001)	
dbarld=(7.952055e-002,7.083877e-001,1.134664e+001)	
mcap=(1.490829e-001,2.276681e-002,1.355022e-002)	
mjscore=(1.561577e+000,3.173588e+000,1.744663e+001)
Rank of Machine 0 for Task 9=6.338845e+000
dbarec=(1.383535e-001,9.928413e-001,5.994393e+000)	
dbarcc=(3.137255e-001,5.714286e-001,1.033333e+000)	
dbrel=(8.759937e-001,8.986472e-001,9.486507e-001)	
dbarld=(3.141390e-002,4.194054e-001,6.076579e+000)	
mcap=(6.651814e-001,4.579302e-001,1.694082e-001)	
mjscore=(2.024668e+000,3.340253e+000,1.422236e+001)
Rank of Machine 1 for Task 9=5.731884e+000
dbarec=(1.385105e-001,9.955442e-001,3.227200e+000)	
dbarcc=(4.509804e-001,7.857143e-001,1.366667e+000)	
dbrel=(8.693255e-001,8.843857e-001,9.259414e-001)	
dbarld=(7.230925e-002,1.713815e-001,8.011113e+000)	
mcap=(8.614460e-001,1.082492e-001,4.306162e-002)	
mjscore=(2.392572e+000,2.945275e+000,1.357398e+001)
Rank of Machine 2 for Task 9=5.464276e+000
dbarec=(1.383889e-001,9.952815e-001,6.256749e+000)	
dbarcc=(1.764706e-001,3.571429e-001,7.000000e-001)	
dbrel=(8.769060e-001,8.920686e-001,9.532779e-001)	
dbarld=(0.000000e+000,0.000000e+000,0.000000e+000)	
mcap=(5.101779e-001,2.193365e-001,2.097232e-001)	
mjscore=(1.701943e+000,2.463830e+000,8.119750e+000)
Rank of Machine 3 for Task 9=3.687338e+000
dbarec=(1.380767e-001,9.894952e-001,3.478450e+000)	
dbarcc=(4.509804e-001,7.857143e-001,1.366667e+000)	
dbrel=(8.693266e-001,8.834429e-001,9.291189e-001)	
dbarld=(5.484604e-002,7.992786e-001,1.049270e+001)	
mcap=(5.568102e-001,5.975524e-002,1.010163e-002)	
mjscore=(2.070040e+000,3.517686e+000,1.627704e+001)
Rank of Machine 4 for Task 9=6.345612e+000
dbarec=(1.386219e-001,9.939657e-001,6.115230e+000)	
dbarcc=(4.509804e-001,7.857143e-001,1.366667e+000)	
dbrel=(8.778883e-001,9.055566e-001,9.541107e-001)	
dbarld=(4.706030e-002,7.714831e-001,7.769652e+000)	
mcap=(9.454024e-001,6.201056e-001,4.213385e-001)	
mjscore=(2.459953e+000,4.076825e+000,1.662700e+001)
Rank of Machine 5 for Task 9=6.810150e+000
dbarec=(1.380874e-001,9.896865e-001,2.661123e+000)	
dbarcc=(5.882353e-001,1.000000e+000,1.700000e+000)	
dbrel=(8.707978e-001,8.895867e-001,9.513243e-001)	
dbarld=(3.324147e-002,-3.149405e-001,6.873080e+000)	
mcap=(2.400891e-001,1.969970e-001,1.592456e-001)	
mjscore=(1.870451e+000,2.761330e+000,1.234477e+001)
Rank of Machine 6 for Task 9=4.934471e+000
dbarec=(1.383209e-001,9.856405e-001,1.047342e+000)	
dbarcc=(3.137255e-001,5.714286e-001,1.033333e+000)	
dbrel=(8.777850e-001,9.065265e-001,9.494483e-001)	
dbarld=(7.977203e-002,4.932100e-001,6.340701e+000)	
mcap=(3.630482e-001,1.373333e-002,8.850368e-003)	
mjscore=(1.772652e+000,2.970539e+000,9.379675e+000)
Rank of Machine 7 for Task 9=4.273351e+000
task 9 Assigned to=5
-------------------------------
dbarec=(-1.884066e-001,7.093353e-001,5.520284e-001)	
dbarcc=(5.555556e-001,1.000000e+000,1.800000e+000)	
dbrel=(9.147859e-001,9.150207e-001,9.299551e-001)	
dbarld=(7.952055e-002,7.083877e-001,1.134664e+001)	
mcap=(7.458724e-001,9.109775e-002,6.414991e-002)	
mjscore=(2.107328e+000,3.423841e+000,1.469277e+001)
Rank of Machine 0 for Task 12=5.911946e+000
dbarec=(0.000000e+000,0.000000e+000,0.000000e+000)	
dbarcc=(5.555556e-001,1.000000e+000,1.800000e+000)	
dbrel=(9.097177e-001,9.184228e-001,9.421419e-001)	
dbarld=(3.141390e-002,4.194054e-001,6.076579e+000)	
mcap=(9.825739e-001,4.027223e-001,2.258370e-001)	
mjscore=(2.479261e+000,2.740550e+000,9.044558e+000)
Rank of Machine 1 for Task 12=4.251230e+000
dbarec=(1.234332e-001,8.899881e-001,5.576040e+000)	
dbarcc=(5.555556e-001,1.000000e+000,1.800000e+000)	
dbrel=(9.027927e-001,9.038475e-001,9.195884e-001)	
dbarld=(7.230925e-002,1.713815e-001,8.011113e+000)	
mcap=(5.402081e-001,4.132817e-001,2.328257e-001)	
mjscore=(2.194299e+000,3.378499e+000,1.653957e+001)
Rank of Machine 2 for Task 12=6.372716e+000
dbarec=(6.613654e-002,7.464720e-001,5.539534e+000)	
dbarcc=(5.555556e-001,1.000000e+000,1.800000e+000)	
dbrel=(9.106651e-001,9.116995e-001,9.467373e-001)	
dbarld=(0.000000e+000,0.000000e+000,0.000000e+000)	
mcap=(5.226905e-001,3.199561e-001,6.442457e-002)	
mjscore=(2.055048e+000,2.978128e+000,8.350696e+000)
Rank of Machine 3 for Task 12=4.090500e+000
dbarec=(8.004425e-002,7.853904e-001,7.401993e-001)	
dbarcc=(5.555556e-001,1.000000e+000,1.800000e+000)	
dbrel=(9.027939e-001,9.028839e-001,9.227441e-001)	
dbarld=(5.484604e-002,7.992786e-001,1.049270e+001)	
mcap=(3.377178e-001,3.234962e-003,3.662221e-004)	
mjscore=(1.930958e+000,3.490788e+000,1.395601e+001)
Rank of Machine 4 for Task 12=5.717136e+000
dbarec=(-2.332065e+000,1.745390e-001,1.039893e+000)	
dbarcc=(5.555556e-001,1.000000e+000,1.800000e+000)	
dbrel=(9.116852e-001,9.254842e-001,9.475644e-001)	
dbarld=(4.692217e-002,7.400676e-001,5.064419e+000)	
mcap=(6.737571e-001,2.963347e-001,1.362346e-001)	
mjscore=(-1.441450e-001,3.136426e+000,8.988111e+000)
Rank of Machine 5 for Task 12=3.779204e+000
dbarec=(-4.820993e-001,7.496861e-001,2.072485e+000)	
dbarcc=(5.555556e-001,1.000000e+000,1.800000e+000)	
dbrel=(9.043217e-001,9.091629e-001,9.447972e-001)	
dbarld=(3.324147e-002,-3.149405e-001,6.873080e+000)	
mcap=(3.918577e-001,6.521805e-002,2.572710e-002)	
mjscore=(1.402877e+000,2.409127e+000,1.171609e+001)
Rank of Machine 6 for Task 12=4.484305e+000
dbarec=(8.275198e-002,8.970451e-001,4.341222e+000)	
dbarcc=(5.555556e-001,1.000000e+000,1.800000e+000)	
dbrel=(9.115778e-001,9.264755e-001,9.429340e-001)	
dbarld=(7.977203e-002,4.932100e-001,6.340701e+000)	
mcap=(4.699850e-001,2.345042e-001,7.776116e-002)	
mjscore=(2.099642e+000,3.551235e+000,1.350262e+001)
Rank of Machine 7 for Task 12=5.676183e+000
task 12 Assigned to=2
-------------------------------
dbarec=(1.317687e-001,9.315761e-001,5.544283e+000)	
dbarcc=(4.285714e-001,1.000000e+000,2.333333e+000)	
dbrel=(8.662073e-001,8.710246e-001,9.099838e-001)	
dbarld=(7.952055e-002,7.083877e-001,1.134664e+001)	
mcap=(6.228828e-001,5.506455e-001,2.706076e-001)	
mjscore=(2.128951e+000,4.061634e+000,2.040485e+001)
Rank of Machine 0 for Task 14=7.664266e+000
dbarec=(1.363580e-001,9.737655e-001,6.730496e+000)	
dbarcc=(4.285714e-001,1.000000e+000,2.333333e+000)	
dbrel=(8.614082e-001,8.742631e-001,9.219088e-001)	
dbarld=(3.141390e-002,4.194054e-001,6.076579e+000)	
mcap=(4.631489e-001,1.058382e-001,9.613330e-002)	
mjscore=(1.920900e+000,3.373272e+000,1.615845e+001)
Rank of Machine 1 for Task 14=6.206474e+000
dbarec=(1.342394e-001,9.820498e-001,6.859185e+000)	
dbarcc=(4.285714e-001,1.000000e+000,2.333333e+000)	
dbrel=(8.548510e-001,8.603886e-001,8.998396e-001)	
dbarld=(5.024897e-002,-4.013628e-001,3.972162e+000)	
mcap=(7.759331e-001,1.525925e-003,5.493332e-004)	
mjscore=(2.243844e+000,2.442602e+000,1.406507e+001)
Rank of Machine 2 for Task 14=5.298529e+000
dbarec=(1.277599e-001,9.606122e-001,6.771088e+000)	
dbarcc=(4.285714e-001,1.000000e+000,2.333333e+000)	
dbrel=(8.623053e-001,8.678630e-001,9.264055e-001)	
dbarld=(0.000000e+000,0.000000e+000,0.000000e+000)	
mcap=(7.165746e-002,3.558458e-002,1.355022e-002)	
mjscore=(1.490294e+000,2.864060e+000,1.004438e+001)
Rank of Machine 3 for Task 14=4.315698e+000
dbarec=(1.362512e-001,9.931596e-001,7.068854e+000)	
dbarcc=(4.285714e-001,1.000000e+000,2.333333e+000)	
dbrel=(8.548521e-001,8.594713e-001,9.029276e-001)	
dbarld=(5.484604e-002,7.992786e-001,1.049270e+001)	
mcap=(5.210730e-001,4.304025e-001,3.924070e-001)	
mjscore=(1.995594e+000,4.082312e+000,2.119022e+001)
Rank of Machine 4 for Task 14=7.837610e+000
dbarec=(1.344804e-001,9.512485e-001,6.230953e+000)	
dbarcc=(4.285714e-001,1.000000e+000,2.333333e+000)	
dbrel=(8.632712e-001,8.809850e-001,9.272149e-001)	
dbarld=(4.692217e-002,7.400676e-001,5.064419e+000)	
mcap=(1.993774e-001,1.599475e-001,7.077242e-002)	
mjscore=(1.672623e+000,3.732249e+000,1.462669e+001)
Rank of Machine 5 for Task 14=5.940953e+000
dbarec=(1.366661e-001,9.935961e-001,6.543161e+000)	
dbarcc=(4.285714e-001,1.000000e+000,2.333333e+000)	
dbrel=(8.562988e-001,8.654484e-001,9.245071e-001)	
dbarld=(3.324147e-002,-3.149405e-001,6.873080e+000)	
mcap=(5.693228e-001,2.373730e-001,1.545457e-001)	
mjscore=(2.024101e+000,2.781477e+000,1.682863e+001)
Rank of Machine 6 for Task 14=6.103921e+000
dbarec=(1.260520e-001,9.701390e-001,6.435825e+000)	
dbarcc=(4.285714e-001,1.000000e+000,2.333333e+000)	
dbrel=(8.631696e-001,8.819286e-001,9.226840e-001)	
dbarld=(7.977203e-002,4.932100e-001,6.340701e+000)	
mcap=(5.984069e-001,4.837184e-002,2.758873e-002)	
mjscore=(2.095972e+000,3.393649e+000,1.606013e+001)
Rank of Machine 7 for Task 14=6.235851e+000
task 14 Assigned to=4
-------------------------------
dbarec=(1.373287e-001,9.514722e-001,6.352291e+000)	
dbarcc=(4.814815e-001,1.000000e+000,2.076923e+000)	
dbrel=(7.880169e-001,8.130878e-001,8.530455e-001)	
dbarld=(7.952055e-002,7.083877e-001,1.134664e+001)	
mcap=(3.069552e-001,2.452162e-001,3.885006e-002)	
mjscore=(1.793303e+000,3.718164e+000,2.066775e+001)
Rank of Machine 0 for Task 16=7.474345e+000
dbarec=(1.371511e-001,9.185257e-001,5.751666e+000)	
dbarcc=(4.814815e-001,1.000000e+000,2.076923e+000)	
dbrel=(7.836510e-001,8.161108e-001,8.642244e-001)	
dbarld=(3.141390e-002,4.194054e-001,6.076579e+000)	
mcap=(5.103916e-001,3.377789e-001,2.844325e-002)	
mjscore=(1.944089e+000,3.491821e+000,1.479784e+001)
Rank of Machine 1 for Task 16=5.931392e+000
dbarec=(1.379592e-001,9.585776e-001,6.073093e+000)	
dbarcc=(4.814815e-001,1.000000e+000,2.076923e+000)	
dbrel=(7.776858e-001,8.031593e-001,8.435361e-001)	
dbarld=(5.024897e-002,-4.013628e-001,3.972162e+000)	
mcap=(3.099155e-001,1.941893e-001,4.388562e-002)	
mjscore=(1.757291e+000,2.554563e+000,1.300960e+001)
Rank of Machine 2 for Task 16=4.969004e+000
dbarec=(1.376106e-001,9.736439e-001,6.082366e+000)	
dbarcc=(4.814815e-001,1.000000e+000,2.076923e+000)	
dbrel=(7.844672e-001,8.101365e-001,8.684397e-001)	
dbarld=(0.000000e+000,0.000000e+000,0.000000e+000)	
mcap=(6.683554e-003,3.540147e-003,2.502518e-003)	
mjscore=(1.410243e+000,2.787321e+000,9.030231e+000)
Rank of Machine 3 for Task 16=4.003779e+000
dbarec=(1.385249e-001,9.842146e-001,6.880797e+000)	
dbarcc=(4.814815e-001,1.000000e+000,2.076923e+000)	
dbrel=(7.776867e-001,8.023030e-001,8.464309e-001)	
dbarld=(5.128616e-002,7.636662e-001,1.014631e+001)	
mcap=(5.171361e-001,4.863124e-001,3.928037e-001)	
mjscore=(1.966115e+000,4.036496e+000,2.034327e+001)
Rank of Machine 4 for Task 16=7.595594e+000
dbarec=(1.376598e-001,9.438564e-001,5.915522e+000)	
dbarcc=(4.814815e-001,1.000000e+000,2.076923e+000)	
dbrel=(7.853459e-001,8.223856e-001,8.691985e-001)	
dbarld=(4.692217e-002,7.400676e-001,5.064419e+000)	
mcap=(6.720176e-001,1.547288e-002,1.983703e-003)	
mjscore=(2.123427e+000,3.521783e+000,1.392805e+001)
Rank of Machine 5 for Task 16=5.773760e+000
dbarec=(1.381856e-001,9.880200e-001,6.784308e+000)	
dbarcc=(4.814815e-001,1.000000e+000,2.076923e+000)	
dbrel=(7.790029e-001,8.078825e-001,8.666601e-001)	
dbarld=(3.324147e-002,-3.149405e-001,6.873080e+000)	
mcap=(1.294290e-001,3.064058e-002,3.024384e-002)	
mjscore=(1.561340e+000,2.511603e+000,1.663122e+001)
Rank of Machine 6 for Task 16=5.803940e+000
dbarec=(1.380691e-001,9.842194e-001,6.783158e+000)	
dbarcc=(4.814815e-001,1.000000e+000,2.076923e+000)	
dbrel=(7.852534e-001,8.232665e-001,8.649510e-001)	
dbarld=(7.977203e-002,4.932100e-001,6.340701e+000)	
mcap=(5.770135e-001,4.953764e-001,2.519913e-001)	
mjscore=(2.061590e+000,3.796072e+000,1.631772e+001)
Rank of Machine 7 for Task 16=6.492865e+000
task 16 Assigned to=4
-------------------------------
****************************************************(Take Max)
Cumulative Execution Time on Each Machine
3.529337e+005
1.326648e+006
2.189415e+006
2.476437e+006
6.775881e+005
1.189298e+006
1.777624e+006
1.159842e+006

Maximum=2.476437e+006

*****************************************************(Take Min)
2.825468e+007
2.006382e+007
1.912110e+007
1.932084e+007
1.706970e+007
2.422742e+007
1.980866e+007
2.017130e+007

Minimum=1.706970e+007

Speedup=6.792843
Efficiency=0.841605
*********************************************
Task Awarded to machine 0 = 1
Task Awarded to machine 1 = 2
Task Awarded to machine 2 = 3
Task Awarded to machine 3 = 1
Task Awarded to machine 4 = 4
Task Awarded to machine 5 = 3
Task Awarded to machine 6 = 2
Task Awarded to machine 7 = 1